0 (484539.7797066835, 4290121.223178731, 80.0)
1 (484834.6891797266, 4290120.0023374455, 80.0)
2 (485129.5986527697, 4290118.78149616, 80.0)
3 (485424.5081258128, 4290117.560654874, 80.0)
4 (485719.4175988559, 4290116.339813588, 80.0)
5 (486014.327071899, 4290115.118972302, 80.0)
6 (486309.23654494213, 4290113.898131017, 80.0)
7 (486604.14601798524, 4290112.677289731, 80.0)
8 (486899.05549102835, 4290111.456448445, 80.0)
9 (487193.96496407146, 4290110.235607159, 80.0)
10 (487488.8744371146, 4290109.014765874, 80.0)
11 (487783.7839101577, 4290107.793924588, 80.0)
12 (488078.6933832008, 4290106.573083302, 80.0)
13 (488373.6028562439, 4290105.352242016, 80.0)
14 (488668.512329287, 4290104.13140073, 80.0)
15 (488963.4218023301, 4290102.910559445, 80.0)
16 (484515.72112604545, 4289190.120283533, 80.0)
17 (484810.63059908856, 4289188.899442247, 80.0)
18 (485105.54007213167, 4289187.678600961, 80.0)
19 (485400.4495451748, 4289186.457759676, 80.0)
20 (485695.3590182179, 4289185.23691839, 80.0)
21 (485990.268491261, 4289184.016077104, 80.0)
22 (486285.1779643041, 4289182.795235818, 80.0)
23 (486580.0874373472, 4289181.5743945325, 80.0)
24 (486874.9969103903, 4289180.353553247, 80.0)
25 (487169.90638343344, 4289179.132711961, 80.0)
26 (487464.81585647655, 4289177.911870675, 80.0)
27 (487759.72532951966, 4289176.691029389, 80.0)
28 (488054.63480256277, 4289175.470188104, 80.0)
29 (488349.5442756059, 4289174.249346818, 80.0)
30 (488644.453748649, 4289173.028505532, 80.0)
31 (488939.3632216921, 4289171.807664246, 80.0)
32 (484491.6625454074, 4288261.459070906, 80.0)
33 (484786.57201845053, 4288260.23822962, 80.0)
34 (485081.48149149364, 4288259.0173883345, 80.0)
35 (485376.39096453675, 4288257.796547049, 80.0)
36 (485671.30043757986, 4288256.575705763, 80.0)
37 (485966.209910623, 4288255.354864477, 80.0)
38 (486261.1193836661, 4288254.134023191, 80.0)
39 (486556.0288567092, 4288252.913181906, 80.0)
40 (486850.9383297523, 4288251.69234062, 80.0)
41 (487145.8478027954, 4288250.471499334, 80.0)
42 (487440.7572758385, 4288249.250658048, 80.0)
43 (487735.66674888163, 4288248.029816763, 80.0)
44 (488030.57622192474, 4288246.808975477, 80.0)
45 (488325.48569496785, 4288245.588134191, 80.0)
46 (488620.39516801096, 4288244.367292905, 80.0)
47 (488915.30464105407, 4288243.146451619, 80.0)
48 (484467.6039647694, 4287332.797858279, 80.0)
49 (484762.5134378125, 4287331.577016993, 80.0)
50 (485057.4229108556, 4287330.356175708, 80.0)
51 (485352.3323838987, 4287329.135334422, 80.0)
52 (485647.24185694184, 4287327.914493136, 80.0)
53 (485942.15132998495, 4287326.69365185, 80.0)
54 (486237.06080302806, 4287325.472810565, 80.0)
55 (486531.97027607117, 4287324.251969279, 80.0)
56 (486826.8797491143, 4287323.031127993, 80.0)
57 (487121.7892221574, 4287321.810286707, 80.0)
58 (487416.6986952005, 4287320.5894454215, 80.0)
59 (487711.6081682436, 4287319.368604136, 80.0)
60 (488006.5176412867, 4287318.14776285, 80.0)
61 (488301.4271143298, 4287316.926921564, 80.0)
62 (488596.33658737293, 4287315.706080278, 80.0)
63 (488891.24606041604, 4287314.485238993, 80.0)
